0.0,3148.74165068,17872.3888545,34707.1967128,21772.2775877,3154.0135418,259910.704225,3696.21357804,10375.7636597,3155.47479007,24252.3267369,4130.47295564,3182.80876391,3157.4235334,20694.5112657,3552.89954444,3316.36792963,68095.7602415,3148.88371183,9571.10287562,3628.26477283,4585.36125785,11419.4904012,71820.5212501,81504.6389977,3299.36341168,13807.1715179,134467.013537,3278.25278964,4667.1846438,28724.4915716,80213.85112,54340.9972381,16081.7773562,87262.1550884,3155.39029346,25034.3416577,120372.497724,8008.47004707,21228.9647641,7531.46677239,3768.04595364,9310.56693842,23542.0712761,104122.535748,3152.08092058,7196.42304806,147393.140492,20112.1239321,3151.41179357,4080.67021581,4397.21722799,18232.9520913,3585.90683148,7591.25646417,17013.8111107,162475.045119,3906.35193358,281256.777193,162832.577828,29523.7807993,7481.25571253,8342.88087523,25857.1271839,3158.93998911,21251.6894598,295836.418351,17798.6164345,5119.46243245,6243.15668422,151604.169441,6538.83162682,266195.174176,1630138.88626,5561.56875151,77754.0493525,14673.7288554,3249.27492553,16127.9265275,69231.3920375,129487.020293,14224.5677525,80202.1263996,4121.27406917,11442.8854775,18985.2492016,3176.73657734,9514.93078117,3846.85399395,5209.39035064,15703.7018998,106326.589413,4767.38247308,66247.2588998,24118.9080834,3521.46408319,87407.4236289,5067.93159579,10537.2940355,4941.63003254
3148.74165068,0.0,15361.851619,33874.6281188,19882.3289994,90.9840303222,259868.245608,1458.34102942,8769.34073328,134.806727065,23331.5759642,1972.11674362,304.896934678,131.53663046,18588.7575098,1353.97952049,629.686718717,66463.161012,31.9080230398,8552.62971019,1324.97652188,2623.85724723,10544.9793736,70409.7337064,80370.7963116,742.177975145,12445.2124054,133174.596174,782.493026847,2825.92756724,27318.7380862,79852.265856,53660.7521216,15042.0448087,86805.9157636,97.9305682985,23871.5111791,118542.6035,5990.24394421,18751.1237526,5926.08806773,1384.88875232,7731.32809966,22360.424778,103692.125855,46.7383894384,5662.07036232,145900.739661,18030.8359514,13.375321454,2010.13154064,1790.56910575,16589.6692431,1055.20522284,6397.2201005,15595.3133412,160726.525766,1713.02099588,279130.05789,162478.773201,27402.1401579,5878.03367853,6351.45876438,24552.2995296,163.24977207,19231.1534626,294002.655956,16134.3389531,2628.06942337,4621.04044789,150057.524853,5261.78623036,264265.922733,1628952.98831,3602.24292789,76649.1620524,12268.3040868,621.712291929,14887.1860426,68158.7993191,128242.503199,12922.3913106,78662.0272986,2396.01987144,8996.87579006,17827.0294048,322.262572849,7195.09025691,1529.66173694,3272.12090981,13602.0470616,105698.9839,2166.25727505,65491.5109495,22979.7947008,963.359399808,85324.8943997,2776.27347455,8638.63243665,2637.04731288
17872.3888545,15361.851619,0.0,49124.0057411,25342.4096461,15416.4559821,262821.029352,16762.0835146,21972.8503976,15443.9928891,33801.686347,16091.825951,15431.2961234,15454.2170983,33907.3889807,16668.1355316,15938.9524477,81745.8359845,15378.1510372,22094.4743014,16186.1958658,17673.262068,25759.7445109,72257.7809514,82144.03914,15772.5566963,26895.7066199,134099.175694,15794.2932899,16824.5603925,42502.9239845,81602.1149058,68712.5243769,24517.8432731,97341.0268082,15421.2589225,29454.1442409,119548.917793,16928.6865285,24244.2629016,18942.0074574,15934.5395846,18996.0500817,28026.8139307,106642.996989,15378.8407185,20962.1198821,146731.617353,33347.6013238,15363.8273735,17291.7894302,15484.8993136,23299.0048146,16373.1693854,21561.758758,24639.3009636,161465.967927,17021.292314,279563.845074,163399.181565,42719.0806261,18127.8618039,21668.2585542,39096.8449772,15416.1146629,24756.7344489,294413.286131,22761.4682959,15677.6769235,18928.2071434,150856.572565,20519.2195521,264721.418271,1629030.63574,16498.3537123,78416.5864952,19692.9695408,15897.969052,22599.1709868,70535.8516484,143493.51619,22379.7211967,80212.977744,16700.349443,17832.2745422,28268.5259562,15496.8710861,17300.9037617,15841.5767411,17693.5464265,28915.4406633,120986.373504,15527.874522,67902.3305482,34401.4629956,16281.2559012,100641.269523,18095.5380878,18098.1273224,17955.5649224
34707.1967128,33874.6281188,49124.0057411,0.0,52559.209547,33879.3650974,273814.614071,33932.0692956,37083.7201399,33878.4533685,45940.577097,35077.2258632,34023.8024903,33878.716225,41565.3668092,33942.7469389,33888.6577345,83610.4361356,33878.4412269,36716.7293082,34294.9051128,34206.0291328,37026.6096343,97507.6703243,102502.472123,34116.9348555,36775.3817608,161141.374522,34164.3143093,35265.4190286,44793.1614325,104706.095856,78958.3175661,42394.2078042,94381.8731849,33880.6802862,52727.6803338,150314.672758,39068.4933947,52480.4175964,36529.8558836,34607.921215,38811.8105517,51993.5553883,115006.647457,33877.7025017,34613.3604011,175459.005481,41157.1672212,33878.2645981,33994.3500238,35568.9936556,48066.0333137,33908.965392,35011.2386375,43528.8980815,192756.716474,33949.3212472,312483.636009,177412.807967,48419.2745089,37382.766058,34871.6469751,42811.8492727,33921.9120363,52253.9720801,326806.627284,48236.1470291,36313.6290938,35091.2112289,180840.078591,34951.5075415,297215.599584,1653860.45382,36472.7081405,101974.410496,45916.0647359,33904.1603846,45364.3262874,90109.8511272,158160.906191,41929.3142901,108936.030538,34921.6608479,42675.6088781,41982.3646446,33970.7454307,40394.8508498,34896.9459514,34859.8802021,38307.2474975,119577.120003,35953.7558724,85886.4364049,44316.1364743,33902.2680989,102630.184676,34080.7419403,41485.8593626,34062.4568961
21772.2775877,19882.3289994,25342.4096461,52559.209547,0.0,19890.8381395,264291.724628,20818.3780381,25507.9448867,19893.4427403,37247.181775,20144.7683812,19890.7386337,19896.9742652,37861.2541015,20760.1717642,20142.0628038,85412.3501892,19885.2080643,26009.0430128,20185.0338438,21554.6048509,29271.0775487,73269.0023231,83064.3723258,19991.5403748,30367.7820137,134662.926943,20090.4200565,20862.2148528,45953.4177325,82855.9336149,72607.8305076,27770.8308773,100576.942582,19892.4607597,32236.5480086,120401.298457,20856.7978094,27599.680588,22526.0287128,20068.4771289,22844.9222179,30529.450402,108051.577827,19886.3976373,24910.3143605,147339.678035,37293.3582746,19886.1969252,21123.368868,19969.5751551,26461.9193402,20493.774631,25499.8887804,28223.3121416,162181.608536,21052.9261613,280713.644463,163882.044572,46685.6028917,21870.3865196,25614.8387087,42540.0920693,19893.1259411,27694.8770602,295272.940768,25865.634054,20082.9100202,22598.1549659,151489.659095,24483.6501109,265628.774731,1629162.30746,20461.508449,79529.4092164,23466.012151,20083.2444183,25715.4058456,71918.1562826,147574.375248,25651.100677,81175.2455823,20720.0580183,21881.3360743,31542.7394025,19903.0234631,21254.6136704,20063.7466493,21460.9507216,32866.4088202,124484.851705,20006.2386092,69097.456977,37758.2212809,20413.233074,104588.588027,22119.6583103,21766.0626408,21987.2137752
3154.0135418,90.9840303222,15416.4559821,33879.3650974,19890.8381395,0.0,259873.743625,1464.63229043,8775.49783574,166.013823696,23336.3268543,1982.16172892,343.953733878,161.524766776,18594.1395623,1358.91479117,645.514048777,66465.6455544,103.127381851,8556.59840357,1339.03837245,2628.41749038,10548.5560076,70417.1328939,80375.5851849,757.607920385,12449.43798,133180.504192,794.383843979,2832.25396104,27323.6855134,79856.6356333,53665.609966,15046.534832,86807.8911274,133.410956371,23874.7772712,118556.017922,6000.15509911,18790.2505216,5932.75289076,1403.92951317,7735.93699536,22366.1884036,103695.904602,101.497458277,5666.26409105,145912.961099,18034.3478068,94.7026939574,2014.64555927,1850.0451164,16594.3694766,1066.61212642,6400.68577898,15599.7267812,160734.426719,1717.36895487,279156.763398,162483.047837,27411.1937426,5884.67216127,6355.90140849,24557.4187381,200.116155212,19241.4077348,294008.429008,16141.3282782,2658.30632044,4626.19517167,150065.746762,5265.86017722,264272.275746,1628955.73084,3611.94742385,76651.9489104,12290.6320866,634.23383061,14892.0377196,68163.1388124,128247.364343,12927.1471851,78668.1239412,2401.26329096,9030.64152828,17830.3262601,347.534628437,7235.69216544,1539.42596207,3280.42338982,13606.6269717,105702.378489,2221.45689341,65494.9151691,22984.1982452,977.914742103,85330.5881658,2787.24602385,8646.65416241,2649.4840737
259910.704225,259868.245608,262821.029352,273814.614071,264291.724628,259873.743625,0.0,259883.64122,263481.894339,259869.648748,262859.024166,259918.698325,259870.384154,259871.560228,263036.188399,259879.920772,259875.002638,291412.84644,259868.623849,260216.549439,259929.625871,259927.707489,261757.661318,298630.671685,302022.617141,259887.794598,264208.740449,356024.591989,259872.117436,259911.301044,268186.507727,298915.885676,266687.272662,261375.012073,307751.287359,259872.392971,264224.04798,344747.408691,260239.461312,264182.085716,260995.258577,259930.015257,260238.857848,264981.096482,306301.251598,259870.952837,260072.621233,369013.713247,262844.364844,259872.246572,259921.433044,259912.319201,262442.591856,259882.923314,260058.67928,261244.636251,385400.194146,259891.422133,502941.738142,375141.1541,266554.199783,260095.804838,260223.883315,267961.279438,259872.323729,264125.369572,517162.414238,262507.200147,259950.541837,260121.135805,373928.84618,259962.646776,487851.035566,1846767.46881,259979.1214,298517.661916,261736.523917,259879.683586,261676.481583,286548.710577,303059.420682,261236.544555,306647.728707,259899.539968,260885.729258,263489.152511,259872.759654,260527.494578,259889.494429,260611.99493,261582.387705,290765.579034,259929.797117,290046.82251,263909.251153,259877.565628,307404.525273,259940.764354,260667.830338,259935.746845
3696.21357804,1458.34102942,16762.0835146,33932.0692956,20818.3780381,1464.63229043,259883.64122,0.0,9366.87788762,1470.93031149,23438.2610992,3029.69101153,1662.49196424,1467.2734574,18894.1917661,2020.53831469,1619.97010247,66586.8287044,1459.91418611,8711.48841849,2385.22658127,3143.57190766,10779.1759237,70857.1450411,80575.113359,1899.49549098,12701.746235,133532.651764,1855.68206805,3432.51128235,27434.4006778,79947.1264711,53762.9473852,15238.9098622,86844.0239113,1465.2350115,24080.1752993,119446.458606,6958.73055675,20114.2941347,6554.07131754,2621.46344676,8129.09687099,22767.2465035,103729.416899,1460.67033251,5850.50805095,146417.63534,18315.6387854,1461.77098758,2560.35022849,3197.46920673,17107.5829457,1863.31021846,6572.22906151,15837.0042123,161548.821051,2253.19147081,280298.692544,162557.858452,27718.5991461,6408.41123643,6613.47436279,24730.067248,1527.54997726,20295.6603117,294771.318504,16740.6671404,3934.31152739,5094.20908879,150637.211943,5510.45042486,265115.701001,1629297.13633,4487.65672028,76820.5031302,13556.745844,1695.46342352,15229.6733374,68297.0073479,128817.82116,13252.9380796,79242.6328597,3089.00925898,10353.9738535,18040.3358385,1633.28019222,8558.45624614,2603.71346694,4177.83519063,13907.592478,105726.693623,3567.06663119,65613.0351593,23151.8176198,1801.65287378,85601.307388,3301.94300042,9567.10054863,3177.62766697
10375.7636597,8769.34073328,21972.8503976,37083.7201399,25507.9448867,8775.49783574,263481.894339,9366.87788762,0.0,8774.35969779,28141.2374151,9172.61813215,8780.04240977,8776.40486776,25775.9833693,9405.43780468,8881.39130683,73139.7213295,8772.51844769,14644.769426,8896.17349198,9858.78545084,15882.853468,72869.4285741,82455.9005952,8828.3636735,16087.0288619,136204.804251,8962.066449,9717.48845442,31339.3326627,84705.4547529,60646.606565,19330.5594936,87660.4988139,8775.19318745,28971.7340131,123289.996206,12319.37784,25304.1104705,10798.5193466,8929.87567266,13496.1288081,26228.615725,105106.360848,8772.15094387,13002.0940621,149736.353594,25210.2483947,8773.13559148,9530.68415892,9361.57452144,22033.4256742,9078.51237475,13608.3441607,20901.5191046,165719.384472,9522.9581043,285411.573225,163181.088355,34581.2452942,11656.2443381,13649.6088996,27776.3267957,8778.34460478,25168.8186332,299772.301569,21672.8788554,9896.40564089,10701.0506886,154438.093014,12716.0594509,270093.26838,1630610.5427,10142.6478232,81172.2188727,18815.0970626,8915.83826378,19869.4643145,72642.2036105,136221.0052,17298.5349808,82654.8633925,9578.31533787,15647.2174618,20740.6320135,8783.65284773,13474.5408898,9079.39762312,9446.16453821,20805.0157117,111421.684734,9611.65731528,67015.2528186,26442.803035,9028.07272776,92455.1103102,10351.6327711,14652.3038925,10235.276547
3155.47479007,134.806727065,15443.9928891,33878.4533685,19893.4427403,166.013823696,259869.648748,1470.93031149,8774.35969779,0.0,23333.529501,1987.77008038,363.583750195,191.712564558,18606.5986824,1373.78024659,656.020596758,66471.0772595,149.00207197,8555.6757531,1340.16953005,2628.01560935,10548.9945509,70413.930927,80373.2804811,761.695399815,12448.8638447,133178.138971,809.459879105,2833.80783532,27321.9706131,79856.9524598,53663.49434,15043.1127323,86805.810378,168.142020573,23873.1708904,118554.188292,6002.54782898,18816.2578313,5931.60609221,1413.91817508,7736.97073749,22365.2920192,103693.617423,143.358782875,5670.06255289,145908.245549,18047.536194,138.660607184,2020.65034639,1879.07256423,16593.4231438,1080.20852572,6399.87630642,15598.5640938,160735.354204,1727.72798732,279177.711644,162482.610537,27419.3819065,5882.93470333,6368.47548809,24554.9960607,232.108509352,19248.7020469,294012.213823,16138.7809645,2687.22202436,4625.488519,150063.098613,5268.93302976,264276.420053,1628956.84803,3612.5726825,76650.8338979,12307.0276274,644.992465872,14891.7202563,68160.0582148,128254.429694,12926.4085097,78668.5875943,2404.03853132,9056.46479635,17828.6991184,366.593118693,7261.84052312,1545.69400001,3286.537894,13616.6894966,105709.314829,2253.7355766,65493.5606077,22981.8151148,987.938483143,85341.0685403,2797.16608567,8650.60704774,2658.79055236
24252.3267369,23331.5759642,33801.686347,45940.577097,37247.181775,23336.3268543,262859.024166,23438.2610992,28141.2374151,23333.529501,0.0,23547.1409692,23336.7867806,23335.1287166,31752.0125531,23520.0156367,23346.2180299,74995.8363647,23332.5456599,25161.4357587,23502.0743279,23514.434977,30115.5897318,84840.7760882,90282.1155295,23371.1300259,29311.9091606,147154.561545,23378.4344009,23569.4401943,38983.1977017,90432.7107749,70738.9527616,28996.1111012,91942.2654149,23335.9749883,37465.2657838,134907.94082,25342.923218,36968.9624421,25478.750364,23512.6636333,25267.4267161,38168.50981,106594.715062,23334.2192025,24563.2428842,160431.899146,31317.1223771,23334.9009309,23558.9384932,23587.3951591,32862.0411766,23369.6096646,25270.6348533,29165.3347323,176984.451611,23455.0911591,296174.095318,170935.036749,38940.4518938,24474.1353235,24488.7114615,36819.3496133,23336.3376893,36871.5253033,310456.248183,33022.9322472,23833.1787515,24025.4100868,165306.530188,25427.5110179,280862.598662,1643124.7857,23944.0463073,86390.4442712,30860.1540138,23387.7286207,30718.1407106,75052.8979728,150022.045676,28393.929395,93994.7462917,23612.9222294,28054.0629242,30969.41452,23339.5242651,26479.9901944,23460.6037468,24647.7273655,28247.895884,114098.293182,23700.6115327,75556.7347945,33332.8842147,23360.5649304,93926.159647,23565.0797518,27194.2975632,23544.6336428
4130.47295564,1972.11674362,16091.825951,35077.2258632,20144.7683812,1982.16172892,259918.698325,3029.69101153,9172.61813215,1987.77008038,23547.1409692,0.0,1996.94473073,1992.86973861,20156.6987648,2949.39698763,2313.5097005,67784.1450456,1974.90717341,9205.71121896,2477.0718229,3854.09008912,11738.2811836,70499.5872069,80422.7418919,2155.85739006,13121.8750383,133238.475582,2234.0638727,3648.16798666,28468.2851537,80049.1784631,54911.9022277,15199.761752,86946.0217386,1984.57090019,24130.5467387,118745.916241,6459.40762747,19445.3603916,6312.84950761,2446.85774977,8206.53642432,22469.1898347,103727.567761,1976.13977881,7179.51707655,146037.534934,19587.8238824,1974.89811296,3401.30207916,2870.87855094,16930.8725076,2707.97576063,7775.43537376,15990.8224807,160895.068287,3278.58549487,279647.881162,162510.595532,28985.0724033,6275.28844004,7892.040544,25259.3333078,1984.93606629,19569.7247437,294340.369814,16425.6548255,3546.50354621,5326.97385105,150195.169522,6741.73509776,264624.643918,1629006.6585,4161.09585114,76764.1089729,12919.2498015,2210.89545812,15069.3603734,68272.1793386,129765.922528,13098.1339391,78794.7334082,3254.10529065,9693.10114343,17985.3905205,2004.95687488,7761.06952825,2543.09234397,4065.32248576,15160.2047038,106957.465212,3199.00775499,65533.9451376,23176.8950968,2620.86772586,86888.1924466,4386.65988858,8987.02575373,4252.14790887
3182.80876391,304.896934678,15431.2961234,34023.8024903,19890.7386337,343.953733878,259870.384154,1662.49196424,8780.04240977,363.583750195,23336.7867806,1996.94473073,0.0,371.809037926,18804.7705542,1569.85058317,841.177109269,66641.6126455,323.070548068,8579.57541577,1371.58875852,2688.80016171,10671.654038,70412.8249418,80372.8108603,813.123042466,12466.7253833,133177.368559,876.361122955,2866.47774269,27426.2399794,79857.7286505,53731.9009834,15045.3484836,86808.0778749,345.32826424,23876.6552867,118548.648493,6002.9590014,18809.8855957,5936.27131461,1424.24614789,7752.77678379,22365.3493011,103693.357345,314.988429241,5860.84953464,145904.140838,18244.9358843,308.35211437,2191.64422985,1878.04661846,16596.5775821,1273.86469552,6503.25498091,15616.5817493,160732.077017,1921.42025486,279165.243062,162481.612403,27617.1100392,5887.75180883,6566.77633425,24576.001331,358.172164382,19242.8405865,294014.010757,16140.8945301,2700.18960386,4639.92063017,150060.473772,5427.28681539,264277.883082,1628954.34674,3616.76607075,76650.9091101,12307.4299372,805.103681682,14892.2568774,68160.3922631,128406.29423,12926.7320163,78665.8437136,2420.42849948,9042.69728604,17830.922968,452.900273795,7241.89419531,1564.85289967,3298.92867273,13814.8369334,105881.26376,2261.00945602,65493.0382391,22984.7214338,1182.29385706,85539.1052992,2993.348432,8649.18053183,2854.5598898
3157.4235334,131.53663046,15454.2170983,33878.716225,19896.9742652,161.524766776,259871.560228,1467.2734574,8776.40486776,191.712564558,23335.1287166,1992.86973861,371.809037926,0.0,18591.3920592,1363.31677567,642.580109331,66465.240736,150.62132815,8556.58355399,1343.63063219,2628.4671081,10549.8196831,70415.1904004,80374.3499967,764.051836106,12448.4987984,133180.347764,810.747526102,2834.35830953,27322.563327,79856.2178128,53665.7435277,15044.5440724,86806.674495,161.257683103,23874.2486398,118553.381495,6005.70403143,18828.7188793,5934.0848177,1418.96223646,7736.52834679,22367.7780419,103694.76825,139.608497399,5666.49709303,145904.686386,18032.6399009,134.651632646,2017.14459694,1890.80620394,16593.7316069,1062.78479193,6400.53363536,15597.9955454,160738.228601,1719.0267583,279189.996687,162482.767202,27404.5947638,5884.750934,6354.87134829,24556.598115,239.398796525,19253.3724606,294012.933382,16141.7304273,2696.26567886,4625.36374219,150063.368367,5266.29773639,264277.026847,1628957.08493,3615.64457934,76652.4130391,12316.1150063,648.71421571,14892.9863744,68161.1176285,128251.971948,12925.858857,78667.3518555,2406.83056431,9066.94007485,17830.0009126,375.878844121,7275.42521822,1549.70296374,3288.58831701,13604.4292874,105701.49637,2263.68255026,65494.7009934,22983.1685891,972.848884626,85326.8690745,2782.00007162,8654.58667088,2641.37731861
20694.5112657,18588.7575098,33907.3889807,41565.3668092,37861.2541015,18594.1395623,263036.188399,18894.1917661,25775.9833693,18606.5986824,31752.0125531,20156.6987648,18804.7705542,18591.3920592,0.0,19056.2023873,18614.2755847,69036.5692542,18594.9422691,22334.3688748,19459.1016235,19190.6341072,26464.008107,86267.0915293,91583.3168934,19007.9176981,25902.7282642,148787.633694,19072.5769365,20171.6665285,34299.4512164,91823.8998902,66725.570708,28737.239365,90098.1429324,18593.8917623,38003.7654017,136383.799405,24023.6954079,37260.6423043,23278.7544291,19750.7038882,23716.9626271,39145.449515,106708.764389,18592.3871102,20181.1850566,161932.319396,25897.4908807,18591.4805129,19193.3508971,20344.2425346,32937.1056623,18621.8003418,21113.8658063,28472.2363825,178514.473644,18893.5496136,297579.456029,172633.956479,33119.937313,22485.7287108,19768.0015648,32831.3973755,18671.3353423,37448.335855,311736.654614,33221.4269344,21105.1873101,20562.9266919,166801.352797,21227.3326151,282083.732047,1645023.53603,21460.8855832,87501.58988,30700.6820907,18891.6614989,30970.435968,75636.7756916,145935.071446,28051.6649725,95407.9889512,20183.0955263,27497.3229458,30195.1775779,18776.6354516,25710.1656936,19714.422849,21324.9243679,23038.5680963,108789.395463,20710.8231737,77021.6902625,31660.4659724,18615.9041356,87335.2390447,18793.9810679,26680.1010043,18775.1805346
3552.89954444,1353.97952049,16668.1355316,33942.7469389,20760.1717642,1358.91479117,259879.920772,2020.53831469,9405.43780468,1373.78024659,23520.0156367,2949.39698763,1569.85058317,1363.31677567,19056.2023873,0.0,1559.41963513,66718.090213,1353.7628357,8727.11542147,2314.76861276,3208.61986914,10700.2941979,70953.5153371,80706.2098177,1818.15285873,12820.816023,133619.098246,1744.39632982,3423.84940834,27538.4759865,79930.9012265,53723.7332326,15309.3975822,86879.2682112,1360.38796082,24144.284822,119410.408658,6895.71155753,20021.1335752,6553.59415657,2533.25136287,8207.00962859,22748.6355682,103764.360677,1356.37764898,5851.99187211,146511.77051,18475.2318934,1357.05056116,2551.62395542,3102.12431251,17186.7071728,1845.16376598,6547.06436389,15960.8780184,161510.638888,2234.12679065,280161.736944,162564.142699,27886.9005478,6472.11805104,6718.49843818,24874.0616609,1431.44210203,20211.057112,294731.551992,16773.6693078,3835.53059922,5189.06691066,150696.419324,5441.88873513,265075.740204,1629337.58246,4446.70983888,76934.8298233,13464.4289428,1593.29395894,15267.7475702,68420.9349858,128600.688537,13351.3022959,79301.445843,2984.55961571,10260.7485394,18159.1951434,1540.75780018,8463.43678441,2525.42649424,4092.30805005,14063.422056,105718.275375,3470.91877712,65659.7150429,23289.1807747,1774.30849826,85775.54191,3383.74791015,9493.59199788,3254.87159749
3316.36792963,629.686718717,15938.9524477,33888.6577345,20142.0628038,645.514048777,259875.002638,1619.97010247,8881.39130683,656.020596758,23346.2180299,2313.5097005,841.177109269,642.580109331,18614.2755847,1559.41963513,0.0,66468.3496824,648.889007738,8591.43044612,1636.10451096,2710.76201407,10611.1493546,70474.7742073,80392.5658667,1112.34585842,12477.7737477,133234.623189,1197.41466364,2975.22998874,27330.8745196,79878.0272244,53693.1453923,15075.7511479,86810.4528915,638.789688401,23909.2460459,118758.579125,6267.80355802,19307.3182825,6069.03747555,1822.61536111,7802.31796771,22460.3661728,103698.017188,633.466127531,5711.40078995,145968.703972,18055.3068799,632.902614519,2136.249683,2378.40243232,16667.7539241,1231.6446896,6443.52675986,15628.3465094,160936.248517,1845.10307737,279650.467411,162497.594114,27423.8758394,5968.52916921,6396.3852657,24567.3540089,727.000733386,19589.1740305,294202.320436,16253.9066278,3176.52940179,4687.16223733,150152.952499,5339.22508445,264482.535316,1629021.94841,3827.76410669,76668.8169491,12759.5034386,1012.6059791,14958.6792522,68170.4287688,128446.628604,12972.0171026,78758.171459,2607.02131621,9539.52252217,17853.7207294,830.852214018,7753.00818433,1869.09482764,3559.51105486,13630.6181219,105704.936315,2757.96671045,65514.807654,22994.5786759,1154.4767228,85342.8395132,2857.69769611,8921.12317613,2720.5604039
68095.7602415,66463.161012,81745.8359845,83610.4361356,85412.3501892,66465.6455544,291412.84644,66586.8287044,73139.7213295,66471.0772595,74995.8363647,67784.1450456,66641.6126455,66465.240736,69036.5692542,66718.090213,66468.3496824,0.0,66465.0018587,69341.2682512,67067.7127634,66784.1288051,73468.4075909,133513.081156,137212.508129,66753.6913259,72543.1605056,195941.597894,66828.1396549,67897.0389067,75278.98292,137977.760007,113420.515954,75430.7328112,119141.187931,66466.7774471,85076.8554448,183864.603676,71718.818115,85103.1523853,70637.8114711,67371.8115126,71319.947778,86348.7686613,134194.609546,66464.9439508,67390.4526672,209262.444824,68882.2142843,66466.2618496,66692.3624526,68190.8698012,80592.4370075,66474.3116694,68318.25305,75319.0533481,225975.769148,66578.7723489,345213.820666,217372.569014,71946.2616972,70025.8773428,66820.2490517,75842.90414,66534.0756311,85018.459641,359445.106784,80857.1520109,68940.3950607,67940.3713322,214220.157418,68659.4065451,329839.203753,1692154.367,69134.2648192,133022.260933,78538.0925233,66549.1035914,78242.0046098,117633.501123,193479.048161,75169.6486203,142804.194859,67740.0748513,75302.8860711,76415.3760202,66590.7741835,73280.4746721,67518.5647408,68690.327368,67857.5570216,136729.591157,68574.5425749,122714.309749,75171.629069,66472.3658331,108436.103136,66521.6557628,74239.9966558,66518.131411
3148.88371183,31.9080230398,15378.1510372,33878.4412269,19885.2080643,103.127381851,259868.623849,1459.91418611,8772.51844769,149.00207197,23332.5456599,1974.90717341,323.070548068,150.62132815,18594.9422691,1353.7628357,648.889007738,66465.0018587,0.0,8553.80394544,1333.22158811,2626.21017475,10545.4327169,70413.1157159,80372.5920242,754.019389831,12448.2467692,133176.221615,783.492063289,2827.57954086,27321.7105273,79854.5533001,53662.0745944,15041.8950844,86804.9336888,114.983758294,23871.1334222,118555.738148,5994.25640819,18760.1420126,5927.18456367,1394.8302624,7734.25098773,22361.6411621,103692.279151,64.4148716541,5663.02669619,145916.42929,18033.709526,35.454402815,2010.76814958,1805.20890238,16593.6718382,1071.56876334,6396.80990505,15596.7105223,160728.855905,1713.00895769,279131.276658,162481.426363,27412.1744187,5881.77022272,6353.15129379,24553.8441252,172.093333195,19232.8841023,294005.581072,16136.5096643,2631.74181282,4625.50714429,150063.751015,5261.96717681,264270.002151,1628954.09009,3607.10669793,76649.3740627,12275.2216199,623.363340968,14888.7042781,68158.8162903,128241.787878,12924.76984,78668.6613684,2396.26046207,9006.69621046,17826.8775271,329.808335559,7201.27570533,1533.39903473,3274.82003976,13605.6781323,105699.66101,2176.59444435,65491.8787582,22980.4415899,978.498570969,85329.5974824,2789.62375651,8640.13104369,2652.87900388
9571.10287562,8552.62971019,22094.4743014,36716.7293082,26009.0430128,8556.59840357,260216.549439,8711.48841849,14644.769426,8555.6757531,25161.4357587,9205.71121896,8579.57541577,8556.58355399,22334.3688748,8727.11542147,8591.43044612,69341.2682512,8553.80394544,0.0,9022.31343546,9131.35972497,15895.3184064,74814.1315197,82732.285716,8710.86896478,16698.6985528,137313.927488,8608.21667989,9161.75505594,30499.0840405,81690.4792298,57365.3164805,18237.4585891,87699.0448825,8557.002427,27119.3788047,124500.515844,12402.2349139,25426.7724682,11967.2612338,9080.16907533,12470.3362111,27172.2458566,104307.535132,8555.31132216,10629.2314966,150448.918103,21777.4484052,8555.73801085,9080.45984422,9240.94471025,21443.555603,8652.48533022,11168.4081061,18652.6858952,166576.488336,8770.51391666,285425.14466,163955.202787,30913.5289276,11251.2810067,11273.8058215,27576.3044733,8558.0405146,25552.8462146,299759.871656,21509.8075694,9786.3941193,10188.3923577,155091.504796,10783.5260927,270157.102391,1633249.50847,10141.4473347,78853.781471,18913.8579017,8709.53745719,19336.5825065,69754.183917,134865.457014,16997.5865803,83709.7910916,9074.08047137,15763.2384871,20753.770716,8596.10059869,14032.3525329,8884.84245154,10444.8130119,17617.6337119,107879.338718,9507.12392413,67605.2091358,25163.6831171,8633.9349999,88429.3107845,9197.77119729,14899.0591841,9139.94206783
3628.26477283,1324.97652188,16186.1958658,34294.9051128,20185.0338438,1339.03837245,259929.625871,2385.22658127,8896.17349198,1340.16953005,23502.0743279,2477.0718229,1371.58875852,1343.63063219,19459.1016235,2314.76861276,1636.10451096,67067.7127634,1333.22158811,9022.31343546,0.0,3200.50295913,10979.7785885,70473.2963161,80409.7328917,1531.79578469,12592.5014848,133239.157329,1681.36868748,3386.03613461,27691.8630135,80151.5735387,54298.5074852,15145.4764886,86832.1404717,1336.84640981,24212.6149906,118744.708084,6458.96399294,19553.0629572,6089.03237897,1978.89758103,8192.05655354,22460.5802006,103711.075202,1329.73090961,6524.16444321,146005.674132,18898.4238429,1329.7984497,2720.95260481,2675.25516155,16974.3928142,2017.03921138,7133.12788457,16030.9576825,160935.77233,2629.15448041,279827.469609,162504.425305,28273.3475975,6165.68683967,7226.84848489,24692.9442034,1349.16253171,19647.9383246,294473.158724,16479.2840958,3463.70773465,4868.59541371,150189.224376,6095.36687485,264747.73545,1629009.06994,4028.73597633,76817.7078602,13006.8648728,1585.03303913,15078.6785767,68322.4661612,129140.534596,13036.9896078,78774.6407744,2918.34006034,9758.11469059,17880.6066567,1374.48100846,7746.18107342,2202.21254679,3600.64281565,14466.5732186,106195.431247,3057.04498187,65520.970088,23042.1326474,1932.46476281,86189.24473,3682.33997775,9014.51673037,3547.51632273
4585.36125785,2623.85724723,17673.262068,34206.0291328,21554.6048509,2628.41749038,259927.707489,3143.57190766,9858.78545084,2628.01560935,23514.434977,3854.09008912,2688.80016171,2628.4671081,19190.6341072,3208.61986914,2710.76201407,66784.1288051,2626.21017475,9131.35972497,3200.50295913,0.0,11429.7761083,71127.3872278,80614.4206859,2818.55142054,12853.8263435,133826.754942,2938.0312732,4251.88726388,27594.8566632,80204.362373,54239.5718389,15444.6817214,86857.9701131,2628.19476709,24404.8751233,120109.152877,7761.24721449,21032.3314041,7171.75218976,3439.475672,8638.10245349,23331.8240498,103739.824526,2625.57154971,6546.48656413,146695.014147,18624.3194177,2625.97750749,3437.04520441,4132.28548806,17555.4092766,2868.33591479,7193.89291395,16104.3765035,162238.968241,3271.64519178,281278.483259,162672.157245,27982.579245,6862.16586406,7154.39628725,24740.7177528,2640.67820971,21100.7405635,295588.505561,17322.8293079,4897.62106998,5414.27226536,151052.872794,6355.44333255,265918.09597,1629695.97797,5240.00867006,76906.6138822,14472.1197715,2808.44060771,15667.216258,68320.7833455,130031.99545,13500.6421964,79654.420255,4008.5333897,11238.1896354,18131.6072376,2670.21218827,9341.89426523,3517.1046379,4994.8500597,14239.2182497,105995.753776,4513.16335851,65739.4894524,23148.9088437,2828.98241153,85832.5963462,3989.95276214,10366.6918996,3883.38913778
11419.4904012,10544.9793736,25759.7445109,37026.6096343,29271.0775487,10548.5560076,261757.661318,10779.1759237,15882.853468,10548.9945509,30115.5897318,11738.2811836,10671.654038,10549.8196831,26464.008107,10700.2941979,10611.1493546,73468.4075909,10545.4327169,15895.3184064,10979.7785885,11429.7761083,0.0,77008.8842218,86017.9131228,10774.6265191,18336.3873779,139919.623807,10809.4347383,12115.8752027,32502.405842,84927.0789929,57345.535964,21886.7481516,90286.702953,10549.5487896,31655.608373,127272.605897,15749.381898,29118.920777,13863.3046089,11275.9329636,16367.0104442,29594.0274893,107499.798301,10547.8051176,13214.5613704,153410.439904,25886.5518335,10547.7861028,10929.9247716,12200.958178,25406.2656554,10732.133442,13327.8753835,23550.6073167,169602.782761,10890.2811186,289103.497736,165796.921793,35232.8431556,14581.0574063,14451.0186112,29868.8804327,10579.72208,28924.1920882,303545.243696,25195.9558345,12951.0373213,12750.9638225,158162.519885,12284.4929165,273936.532656,1635018.90691,13190.1720805,83863.2268939,22552.5581235,10573.6773965,22890.2416817,75190.2419622,133380.642459,20292.2058602,86459.2742302,11630.0976462,19315.7781055,23760.0359871,10624.140136,17061.4538733,11538.7149643,11866.4818283,21538.0737326,107781.836627,12591.629974,70358.5264518,28963.0378722,10700.2532113,93029.8870248,11665.6592558,18172.3378362,11573.0399579
71820.5212501,70409.7337064,72257.7809514,97507.6703243,73269.0023231,70417.1328939,298630.671685,70857.1450411,72869.4285741,70413.930927,84840.7760882,70499.5872069,70412.8249418,70415.1904004,86267.0915293,70953.5153371,70474.7742073,133513.081156,70413.1157159,74814.1315197,70473.2963161,71127.3872278,77008.8842218,0.0,107884.060481,70443.3599853,76687.6919207,151593.818608,70571.7860825,70816.2012046,91770.9892076,109920.813187,121388.876834,74928.2710476,144246.319834,70415.5673595,76370.201529,140312.404452,70706.523793,73135.7367909,71219.7280784,70443.9741394,71808.6907101,74350.0182366,140200.419,70412.8395612,73908.4397282,163835.681014,85705.5050993,70414.0504101,70964.8378718,70446.2163686,72824.2683515,70593.2697304,74537.6469337,75724.8748296,178877.691701,70953.5889956,293727.78431,177909.210659,95022.5463047,71200.7707332,74433.4823043,88121.053748,70417.6470741,73153.5437568,307671.041077,72448.149809,70490.8837744,71632.7018152,168246.499931,73865.8557108,278728.225238,1632697.24312,70570.733959,106563.396966,71577.8875567,70546.5472327,72778.9080197,103618.338021,197767.670745,73048.999465,106352.062924,70931.4521641,71040.1343283,77574.6799759,70419.3301228,70805.5193418,70493.4303855,70879.3041353,81355.4084288,171798.641091,70450.2382821,98384.6607041,84318.0229619,70561.5854399,152822.336064,71506.8884949,71018.2246494,71415.7876421
81504.6389977,80370.7963116,82144.03914,102502.472123,83064.3723258,80375.5851849,302022.617141,80575.113359,82455.9005952,80373.2804811,90282.1155295,80422.7418919,80372.8108603,80374.3499967,91583.3168934,80706.2098177,80392.5658667,137212.508129,80372.5920242,82732.285716,80409.7328917,80614.4206859,86017.9131228,107884.060481,0.0,80392.5276072,84421.5048107,159055.949587,80453.4698854,80535.0562778,96644.9440429,116040.185658,128896.943892,82803.2857228,147852.688293,80375.4901863,84406.838135,148789.868451,80608.9825277,82985.7085612,80935.4262453,80397.0572405,80984.5979562,83704.6131021,143453.296368,80373.442921,82232.1036396,171476.625347,91073.2663076,80374.037771,80623.4054059,80406.4131724,82163.4238617,80430.5853911,82958.6650782,83207.4897327,187035.222362,80600.9423018,301482.473144,182324.814451,99698.8206993,80704.3502439,82224.4880796,93466.7649627,80375.5698793,82960.6863989,315365.481623,82066.4895549,80430.6254143,80839.5000616,176178.761482,82938.8046795,286529.375125,1639136.39405,80460.3179016,112229.567018,81487.4117059,80441.3497383,81921.1215756,108218.243506,207463.996887,81759.0150181,114955.54099,80701.5476404,80973.3237382,84742.3230915,80375.7986111,80749.0152982,80427.9804791,80724.6272533,87322.7525299,175551.86612,80408.6027879,104487.747902,89879.3295354,80418.7604754,156473.017601,80754.9009876,80881.900396,80719.9632374
3299.36341168,742.177975145,15772.5566963,34116.9348555,19991.5403748,757.607920385,259887.794598,1899.49549098,8828.3636735,761.695399815,23371.1300259,2155.85739006,813.123042466,764.051836106,19007.9176981,1818.15285873,1112.34585842,66753.6913259,754.019389831,8710.86896478,1531.79578469,2818.55142054,10774.6265191,70443.3599853,80392.5276072,0.0,12508.5683049,133205.807952,1175.19053266,3033.78590964,27514.2370394,79922.8362411,53889.7677228,15073.8945409,86822.0862231,753.924025294,23956.7402566,118628.189645,6144.43574049,19145.7660545,5995.23839744,1635.64208162,7890.61272297,22404.9950275,103706.136071,744.565684241,6068.86221492,145941.803286,18448.5136947,743.353552585,2340.28225792,2232.40475301,16695.3268204,1518.23827839,6691.66692802,15744.057551,160808.841891,2150.55048451,279448.04148,162499.909393,27820.1616358,5953.39496461,6772.8125347,24614.0287736,772.947444035,19392.4106263,294157.055341,16225.8640468,3038.14957993,4698.26083204,150104.647791,5637.60476244,264426.361467,1628985.56752,3736.18756224,76685.7840107,12605.1835216,1074.03651477,14939.4924388,68192.6132885,128650.328274,12960.5048651,78708.0442562,2562.37313628,9353.08114315,17852.7750055,816.541191856,7491.60160898,1786.45176089,3419.23831234,14015.9631856,105980.545633,2620.03823475,65510.1671093,23005.2993225,1431.01431624,85739.7189502,3212.86605158,8768.10776785,3074.78870038
13807.1715179,12445.2124054,26895.7066199,36775.3817608,30367.7820137,12449.43798,264208.740449,12701.746235,16087.0288619,12448.8638447,29311.9091606,13121.8750383,12466.7253833,12448.4987984,25902.7282642,12820.816023,12477.7737477,72543.1605056,12448.2467692,16698.6985528,12592.5014848,12853.8263435,18336.3873779,76687.6919207,84421.5048107,12508.5683049,0.0,139940.403036,12590.9426158,13409.0956041,31104.4879795,86952.5368896,61916.39228,21945.9038105,87732.856669,12450.2345992,31938.0451993,128196.302154,16911.6107562,30248.3103185,14760.3380303,12754.8350941,17086.6626886,30460.5833692,105620.518142,12447.8848484,14844.9180437,153776.150241,25355.5501325,12447.9750936,12768.2310426,13520.7962397,26137.5582899,12538.9457523,15538.3997537,23292.7903846,170606.769096,12747.6897201,290377.494849,164625.538173,34439.0488131,15477.8699751,15097.800048,27900.7227463,12452.962688,30055.1116051,304631.701512,26149.8486543,14216.739567,13600.9279209,158872.521625,15261.7987865,275006.02085,1634385.09119,14393.2579356,83175.9833656,23696.3891615,12524.6642357,23709.5975572,73990.9673211,139594.014812,20584.7578538,87059.7151522,13275.6156992,20466.0400279,22768.8019183,12459.6397342,18216.4209982,12972.5216431,13182.166972,21236.2031049,110801.760461,13870.4447851,68923.9290969,27550.547456,12521.9294593,91891.1372215,13045.1375298,19336.8690007,12990.951654
134467.013537,133174.596174,134099.175694,161141.374522,134662.926943,133180.504192,356024.591989,133532.651764,136204.804251,133178.138971,147154.561545,133238.475582,133177.368559,133180.347764,148787.633694,133619.098246,133234.623189,195941.597894,133176.221615,137313.927488,133239.157329,133826.754942,139919.623807,151593.818608,159055.949587,133205.807952,139940.403036,0.0,133277.443077,133497.898357,154942.77519,160093.636509,183864.512858,137307.398271,208022.022679,133180.510784,137620.146284,178922.057258,133344.434677,134542.165491,134095.681655,133213.689129,134360.131658,135959.331219,198469.506925,133177.490497,136444.173601,197800.047671,148219.002313,133178.996221,133639.651348,133195.26845,134738.50417,133343.999205,137073.825138,137975.640995,209971.447925,133622.814544,312785.363019,215348.048554,157533.352732,133857.59085,136979.639355,151465.120582,133180.476089,134573.361191,325859.097349,134351.142929,133214.200955,134338.67743,201227.605775,136441.050183,298883.838024,1635993.59044,133294.179975,156994.730762,133756.985302,133260.546488,134903.824107,158553.764059,260400.075807,135509.625392,154685.241917,133595.107886,133490.923847,140438.524573,133182.108193,133408.92453,133235.717408,133721.682547,143886.511613,234318.544276,133195.980315,154501.310327,147000.26612,133313.102348,215306.907077,134198.371037,133511.504546,134112.305946
3278.25278964,782.493026847,15794.2932899,34164.3143093,20090.4200565,794.383843979,259872.117436,1855.68206805,8962.066449,809.459879105,23378.4344009,2234.0638727,876.361122955,810.747526102,19072.5769365,1744.39632982,1197.41466364,66828.1396549,783.492063289,8608.21667989,1681.36868748,2938.0312732,10809.4347383,70571.7860825,80453.4698854,1175.19053266,12590.9426158,133277.443077,0.0,2978.77671069,27590.1287809,79870.5573974,53818.2366195,15098.9535445,86829.1023847,799.083154408,23924.3121612,118785.47358,6212.53337559,19149.7845273,6078.24185823,1761.9312726,7854.43031062,22423.4374309,103707.990674,787.997686678,5994.37873617,146116.431841,18494.6639014,786.322980659,2414.13899435,2252.1787223,16778.3375858,1598.34473897,6623.66185343,15690.8217757,160905.375425,2114.89438354,279371.162904,162499.386008,27907.0552825,6059.2892317,6747.45248355,24692.5657183,803.568635012,19450.2375198,294154.002301,16303.0430422,2990.44631349,4845.97464405,150255.346055,5541.79984582,264458.281263,1629026.3685,3832.95669862,76712.652932,12612.7464882,1117.40059359,14962.8824906,68217.3893532,128533.392022,13032.5000887,78859.6739377,2528.4122583,9393.94100164,17908.7508188,886.698989852,7596.0962738,1815.57910736,3477.81240957,14073.4544026,106016.413127,2616.27710494,65523.427747,23063.0352434,1509.24430352,85806.0294059,3297.05829554,8817.79254342,3162.51269772
